2007080800525
2007081400583
2007071200766
2007062000806
2007072100158
2007072500686
2007070100174
2007070800399
2007062600594
2007072400510
2007062400278
2007062200246
2007090500269
2007080101546
2007061900743
2007062600766
2007062500611
2007070100085
2007080600105
2007070100176
2007070800307
2007071600926
2007062600782
2007062200317
2007062500602
2007073100348
2007061900959
2007062000825
2007062400289
2007071200666
2007072400860
2007062400276
2007081500074
2007062700459
2007062400313
2007071200747
2007072700720
2007080800178
2007062400285
2007062600700
2007070500306
2007071600756
2007072100335
2007061900750
2007070100171
2007062400321
2007062200234
2007072100373
2007062400288
2007062400275
2007062600695
2007062600693
2007072200293
2007080800177
2007062500609
2007090300478
2007070100079
2007072100151
2007070800305
2007062500460
2007071300507
2007062600601
2007062700496
2007070100169
2007082100591
2007071600935
2007062400329
2007070500308
2007073100099
2007080800530
2007061900956
2007070900552
2007071600932
2007072100336
2007062000821
2007072100343
2007082200137
2007072700719
2007090300201
2007062400273
2007071300898
2007062300293
2007061900708
2007070500292
2007071700605
2007071601117
2007071600761
2007062000811
2007062300291
2007071601112
2007070500284
2007071600757
2007062700285
2007070100052
2007072100349
2007073100100
2007062600613
2007062100207
2007070100053
2007090400272
2007072100339
2007062700465
2007061900962
2007062600604
2007090600328
2007062400328
2007071100567
2007071600944
2007062700291
2007062700516
2007062900578
2007071200527
2007062700519
2007071200751
2007062600412
2007071200749
2007071700604
2007071600920
2007080800353
2007071200536
2007070100119
2007071600937
2007071000371
2007080101441
2007070100118
2007071000369
2007062500617
2007061900736
2007062400290
2007062600699
2007062600764
2007062600617
2007062000814
2007082200104
2007062400293
2007090300178
2007071300506
2007090600330
2007072700722
2007062700509
2007061900748
2007072100348
2007062400034
2007071601123
2007062500608
2007080400282
2007070100113
2007071601122
2007062700456
2007070100173
2007072100156
2007070500313
2007071600758
2007062300306
2007062700513
2007070900620
2007062600756
2007071700608
2007072100346
2007062500615
2007090400433
2007070500289
2007062400326
2007080600106
2007081700349
2007062600769
2007062700464
2007072100157
2007070100117
2007072500684
2007071100644
2007062700463
2007072500681
2007062400281
2007062500622
2007062700482
2007061900745
2007090600242
2007070100167
2007062600156
2007062600703
2007062700514
2007090400403
2007070500299
2007071601109
2007071200767
2007071601118
2007062400327
2007072100225
2007062600758
2007061900737
2007082700655
2007062600775
2007071601116
2007062600702
2007062100273
2007062700504
2007062600598
2007090500256
2007061900878
2007070500312
2007062700290
2007061900693
2007072700721
2007090300206
2007062400314
2007062600410
2007062500604
2007081900084
2007083000449
2007062400316
2007080900590
2007070100175
2007062000815
2007090600331
2007062500624
2007070201027
2007070800400
2007090401398
2007062700455
2007062700467
2007062500455
2007062200244
2007062500619
2007070100112
2007070500278
2007081100262
2007070100115
2007090400289
2007071600762
2007062600779
2007070100111
2007062500457
2007062600599
2007062700282
2007072300134
2007062600609
2007062600167
2007070500276
2007062400284
2007081200136
2007071600755
2007071601120
2007062500607
2007062800865
2007062600783
2007062600759
2007071100566
2007061900949
2007062600763
2007070100172
2007090300104
2007061900965
2007071100568
2007072100341
2007080300482
2007071601119
2007070100125
2007090600709
2007062500613
2007062700454
2007071200741
2007062600233
2007070800356
2007070300811
2007080800531
2007061900964
2007062000820
2007070100108
2007062700458
2007062700466
2007061900747
2007072100160
2007071600946
2007080300435
2007062400283
2007070100109
2007062700494
2007071600938
2007081100299
2007071600928
2007072100344
2007082700658
2007061900676
2007090300211
2007062400286
2007062600697
2007071600939
2007062700499
2007071200754
2007062700452
2007062600773
2007070800398
2007072100334
2007061900957
2007062700501
2007062500601
2007070100078
2007072400229
2007062400274
2007072300132
2007071600760
2007062600692
2007062400272
2007062600171
2007062700479
2007070100077
2007071601110
2007070100076
2007062500618
2007071200756
2007062000828
2007080900314
2007083100406
2007062600411
2007071600923
2007070600435
2007062600755
2007070100168
2007062700500
2007080400265
2007061900884
2007061900680
2007062600780
2007062600698
2007071100643
2007081500073
2007071900329
2007062000812
2007081500222
2007081200137
2007061900687
2007080400264
2007062600788
2007062600158
2007071601108
2007062300290
2007062600597
2007062800423
2007062600770
2007070500305
2007070800357
2007080800522
2007062700503
2007062600754
2007062700497
2007071601111
2007072100347
2007072300118
2007080200060
2007062600690
2007072100337
2007070100120
2007062400291
2007062700277
2007070100170
2007083100401
2007080101440
2007062500612
2007070500304
2007090100319
2007062600701
2007072500680
2007062200319
2007061900742
2007070900550
2007090500428
2007070100107
2007071200855
2007071300508
2007061900960
2007083100412
2007061900741
2007071200750
2007062700502
2007062500603
2007070500295
2007062400294
2007070100110
2007062500610
2007062700451
2007090600610
2007090300293
2007062700283
2007061900675
2007062500616
2007070500287
2007071700607
2007063000296
2007090500258
2007062200318
2007081900279
2007071200856
2007071200765
2007071600942
2007070900551
2007082100590
2007062200241
2007082200103
2007062400330
2007070100179
2007072100153
2007080600659
2007062100270
2007062700453
2007070500294
2007062200245
2007062700508
2007062400277
2007062600602
2007062400271
2007062400318
2007062400033
2007072300138
2007071601113
2007062500623
2007062200316
2007062600694
2007070500296
2007071100569
2007080300436
2007071600941
2007062600777
2007073100350
2007071600759
2007062400280
2007062700461
2007062400325
2007062200322
2007071600931
2007072300117
2007062700507
2007062700484
2007072500683
2007062500614
2007062500600
2007071600934
2007062100204
2007082900218
2007072300133
2007062700511
2007071200758
2007071000372
2007061900744
2007061900697
2007071200854
2007082700656
2007070400448
2007072100154
2007090400431
2007062600771
2007062500626
2007070500288
2007090500268
2007083000445
2007080101786
2007061900691
2007062700517
2007062600762
2007062500620
2007070100114
2007062700506
2007070100124
2007071601121
2007062700275
2007062700450
2007062000826
2007062300205
2007070500307
2007062600768
2007062900582
2007062500605
2007062400322
2007062600760
2007062700489
2007061900677
2007090500266
2007062500621
2007072100342
2007062600610
2007062900242
2007062700288
2007062400287
2007061900678
2007071601115
2007062600605
2007061900709
2007062600607
2007062700512
2007081300389
2007062400035
2007062100271
2007071200857
2007071600917
2007071200764
2007072500685
2007080800524
2007062600615
2007061900746
2007062700276
2007062600767
2007083000446
2007062500625
2007090300202
2007071200859
2007080400263
2007071300901
2007062000822
2007090500279
2007062300288
2007062400317
2007090300208
2007071100491
2007062600781
2007071000473
2007061900689
2007061900958
2007082700657
2007081300388
2007070400447
2007062600612
2007062400292
2007090300161
2007062700460
2007062600234
2007062300292
2007062600765
2007071600927
2007062400312
2007070100106
2007090300160
2007072300130
2007061900692
2007062400279
2007062500452
2007062700286
2007080300481
2007062300289
2007071700606
2007062500606
2007070100180
2007062600772
2007082200106
2007062600618
2007061900688
2007070500309
2007062500453
2007080400283
2007062600761
2007062000818
2007082400331
2007062400324
2007071200743
2007071200858
2007080500100
2007062600774
2007072100159
2007071200753
2007070900621
2007072100338
2007072100345
2007083100587
2007090500276
2007072300131
2007062800424
2007070500293
2007061900963
2007062400320
2007061900686
2007070500311
2007082900219
2007062400282
2007071601114
2007070500290
2007062300298
2007071600930
2007080200191
2007062600789
2007062700462
2007062300206
2007062600757
2007080200190
2007062100205
2007090401397
2007071600947
2007062700481
2007071200757
2007061900749
2007061900930
2007062400323
2007072100152
2007061900696
2007071200748
2007071600921
2007062000824
2007071600924
2007071000474
2007070100186
2007062600786
2007070100116
2007070200944
2007062000807
2007071600919
2007062400032
2007072100340
2007062600704
2007062800427
2007062100380
2007062400319
2007080200061
2007062600691
2007080600107
2007071200763
2007062700468
2007062400368
2007062600595
2007061900669
2007062400315
2007070500303
2007062000827
2007070500310
2007090300103
2007062300305
2007072400228
2007082900222
2007072500682
2007062500459
2007082100592
2007061900698
2007070100177
2007062600787
2007081900083
2007062100272
2007061900701
2007062600784
2007070100178
2007062600776
2007070500291
2007062100206
2007062600168
